<?xml version="1.0" encoding="UTF-8"?>
<document version="1.5.0">
  <chunk label="Chunk 1" enabled="true">
    <sensors next_id="3">
      <sensor id="0" label="FC6520, OLYMPUS M.12mm F2.0 (12mm)" type="frame">
        <resolution width="5280" height="3956"/>
        <property name="pixel_width" value="0.0032789658524578899"/>
        <property name="pixel_height" value="0.0032789658524578899"/>
        <property name="focal_length" value="12"/>
        <property name="layer_index" value="0"/>
        <bands>
          <band label="Red"/>
          <band label="Green"/>
          <band label="Blue"/>
        </bands>
        <data_type>uint8</data_type>
        <calibration type="frame" class="adjusted">
          <resolution width="5280" height="3956"/>
          <f>3734.6964905322661</f>
          <cx>108.51796174075619</cx>
          <cy>-15.944089182898573</cy>
          <k1>0.00070176487721694634</k1>
          <k2>0.0019664237392541411</k2>
          <k3>-0.0013823416698145639</k3>
          <p1>0.0052663095326733874</p1>
          <p2>-0.00025708555585084067</p2>
        </calibration>
        <covariance>
          <params>f cx cy k1 k2 k3 p1 p2</params>
          <coeffs>6.9220363208499469e+00 5.0987743717214862e-01 -3.2333247967560902e-01 4.9473438193379069e-05 9.0564700225842481e-06 -9.5172312166975510e-06 2.5440390745353575e-05 -1.5845678345344115e-06 5.0987743717214862e-01 9.6384194973702075e-01 4.6002502589835646e-02 1.6852821144090123e-05 -1.1513759495792244e-05 9.3866978765773933e-06 1.5415532559475690e-05 -5.8693302534723779e-08 -3.2333247967560902e-01 4.6002502589835646e-02 4.1927381655375839e-01 3.0168063926877920e-06 -2.3512738766589780e-06 1.4608853211390888e-06 1.0159443059156244e-06 2.3415779279447180e-05 4.9473438193379069e-05 1.6852821144090123e-05 3.0168063926877920e-06 1.5446648938500620e-08 -1.5889553803888631e-08 1.2325674955460517e-08 1.6256615958814814e-09 2.6045017684567199e-10 9.0564700225842481e-06 -1.1513759495792244e-05 -2.3512738766589780e-06 -1.5889553803888631e-08 3.5167244561382572e-08 -2.9451721874734086e-08 -1.0556034141680804e-09 -1.3435558628648916e-10 -9.5172312166975510e-06 9.3866978765773933e-06 1.4608853211390888e-06 1.2325674955460517e-08 -2.9451721874734086e-08 2.5647492537225021e-08 8.1880984429370389e-10 6.5576863605449912e-11 2.5440390745353575e-05 1.5415532559475690e-05 1.0159443059156244e-06 1.6256615958814814e-09 -1.0556034141680804e-09 8.1880984429370389e-10 1.6479931450200530e-09 1.9310077961529235e-10 -1.5845678345344115e-06 -5.8693302534723779e-08 2.3415779279447180e-05 2.6045017684567199e-10 -1.3435558628648916e-10 6.5576863605449912e-11 1.9310077961529235e-10 2.1599188405336795e-09</coeffs>
        </covariance>
        <meta>
          <property name="Exif/BodySerialNumber" value="3130724717386b3075fec69f7a8026f6"/>
          <property name="Exif/LensModel" value="OLYMPUS M.12mm F2.0"/>
          <property name="Exif/Make" value="DJI"/>
          <property name="Exif/Model" value="FC6520"/>
          <property name="Exif/Software" value="v01.09.2222"/>
        </meta>
      </sensor>
      <sensor id="1" label="FC6520, OLYMPUS M.12mm F2.0 (12mm)" type="frame">
        <resolution width="5280" height="3956"/>
        <property name="pixel_width" value="0.0032789658524578899"/>
        <property name="pixel_height" value="0.0032789658524578899"/>
        <property name="focal_length" value="12"/>
        <property name="layer_index" value="0"/>
        <bands>
          <band label="Red"/>
          <band label="Green"/>
          <band label="Blue"/>
        </bands>
        <data_type>uint8</data_type>
        <calibration type="frame" class="adjusted">
          <resolution width="5280" height="3956"/>
          <f>3733.5671408439962</f>
          <cx>108.91993879882379</cx>
          <cy>-16.735152102353286</cy>
          <k1>-4.1081493849615975e-05</k1>
          <k2>0.003774317240104593</k2>
          <k3>-0.0024335214262335069</k3>
          <p1>0.0052598268757123824</p1>
          <p2>-0.00026081609444983161</p2>
        </calibration>
        <covariance>
          <params>f cx cy k1 k2 k3 p1 p2</params>
          <coeffs>6.9569652306127452e+00 5.4870641479789461e-01 -3.1854775877533675e-01 3.8359407288045761e-05 4.5476841410321215e-05 -4.8411989216968092e-05 2.3359333858345332e-05 -2.2655664581733843e-06 5.4870641479789461e-01 1.0041831058331687e+00 3.2188731964164816e-02 3.0576168563025849e-05 -4.2827931354427962e-05 3.2326889094020088e-05 1.8029265562615609e-05 -8.4578574149217555e-07 -3.1854775877533675e-01 3.2188731964164816e-02 4.1733900574990457e-01 1.2971259373292860e-06 -2.5910833209892546e-06 2.8065489405556394e-06 -7.0836607290300099e-08 2.3394724351938846e-05 3.8359407288045761e-05 3.0576168563025849e-05 1.2971259373292860e-06 1.0759476269330048e-07 -2.7309342656149084e-07 2.2569461078395917e-07 2.8505686427336137e-09 -2.0423625486038908e-10 4.5476841410321215e-05 -4.2827931354427962e-05 -2.5910833209892546e-06 -2.7309342656149084e-07 7.8433595865258197e-07 -6.7302138775456313e-07 -4.0304060955244656e-09 6.9542141792214823e-10 -4.8411989216968092e-05 3.2326889094020088e-05 2.8065489405556394e-06 2.2569461078395917e-07 -6.7302138775456313e-07 5.9581867507544582e-07 3.1595974677681979e-09 -4.8453859657977984e-10 2.3359333858345332e-05 1.8029265562615609e-05 -7.0836607290300099e-08 2.8505686427336137e-09 -4.0304060955244656e-09 3.1595974677681979e-09 1.9610954003522871e-09 1.0934143196287119e-10 -2.2655664581733843e-06 -8.4578574149217555e-07 2.3394724351938846e-05 -2.0423625486038908e-10 6.9542141792214823e-10 -4.8453859657977984e-10 1.0934143196287119e-10 2.2266670499216586e-09</coeffs>
        </covariance>
        <meta>
          <property name="Exif/BodySerialNumber" value="11334300000000000000000000000000"/>
          <property name="Exif/LensModel" value="OLYMPUS M.12mm F2.0"/>
          <property name="Exif/Make" value="DJI"/>
          <property name="Exif/Model" value="FC6520"/>
          <property name="Exif/Software" value="v01.09.2222"/>
        </meta>
      </sensor>
      <sensor id="2" label="FC6520, OLYMPUS M.12mm F2.0 (12mm)" type="frame">
        <resolution width="5280" height="3956"/>
        <property name="pixel_width" value="0.0032789658524578899"/>
        <property name="pixel_height" value="0.0032789658524578899"/>
        <property name="focal_length" value="12"/>
        <property name="layer_index" value="0"/>
        <bands>
          <band label="Red"/>
          <band label="Green"/>
          <band label="Blue"/>
        </bands>
        <data_type>uint8</data_type>
        <calibration type="frame" class="adjusted">
          <resolution width="5280" height="3956"/>
          <f>3735.3368415746868</f>
          <cx>109.47700854857359</cx>
          <cy>-15.626949524310083</cy>
          <k1>0.0013996995886630776</k1>
          <k2>0.00091933060176129107</k2>
          <k3>-0.00098686208757305951</k3>
          <p1>0.0053307081675010963</p1>
          <p2>-0.00026490604515505859</p2>
        </calibration>
        <covariance>
          <params>f cx cy k1 k2 k3 p1 p2</params>
          <coeffs>6.9777692145642565e+00 5.3036638633264543e-01 -3.3362999141939748e-01 4.2567089190623577e-05 4.1713498996222786e-05 -3.7776542592953212e-05 2.4740264089783330e-05 -3.0878959836552817e-06 5.3036638633264543e-01 9.9840619198106717e-01 4.8396402938558486e-02 2.9684089612654935e-05 -3.7822712699172510e-05 2.8118158068724828e-05 1.8258143550792947e-05 -5.0718528831837243e-08 -3.3362999141939748e-01 4.8396402938558486e-02 4.5574902015728913e-01 3.1145723873767637e-06 -5.4692730542295241e-06 4.1903087774308013e-06 1.0868655780579267e-06 2.6052657913505495e-05 4.2567089190623577e-05 2.9684089612654935e-05 3.1145723873767637e-06 9.0517505858189769e-08 -2.1482470394259785e-07 1.7167009147707120e-07 2.6147881627717076e-09 -5.0921925788340253e-11 4.1713498996222786e-05 -3.7822712699172510e-05 -5.4692730542295241e-06 -2.1482470394259785e-07 5.9396528751080769e-07 -4.9525498084331405e-07 -3.1224242497083210e-09 2.8584875140257413e-10 -3.7776542592953212e-05 2.8118158068724828e-05 4.1903087774308013e-06 1.7167009147707120e-07 -4.9525498084331405e-07 4.2714796546060353e-07 2.3061197013819609e-09 -1.1396990168046659e-10 2.4740264089783330e-05 1.8258143550792947e-05 1.0868655780579267e-06 2.6147881627717076e-09 -3.1224242497083210e-09 2.3061197013819609e-09 1.9416354552359029e-09 2.1031697803596742e-10 -3.0878959836552817e-06 -5.0718528831837243e-08 2.6052657913505495e-05 -5.0921925788340253e-11 2.8584875140257413e-10 -1.1396990168046659e-10 2.1031697803596742e-10 2.4213231050595621e-09</coeffs>
        </covariance>
        <meta>
          <property name="Exif/BodySerialNumber" value="2016041101386b3075fec69f7a8026f6"/>
          <property name="Exif/LensModel" value="OLYMPUS M.12mm F2.0"/>
          <property name="Exif/Make" value="DJI"/>
          <property name="Exif/Model" value="FC6520"/>
          <property name="Exif/Software" value="v01.09.2222"/>
        </meta>
      </sensor>
    </sensors>
    <components next_id="1" active_id="0">
      <component id="0" label="Component 1">
        <region>
          <center>4.4343676640564116e+00 1.1726114355554310e+01 -9.4122086867085706e+00</center>
          <size>5.4959518750508636e+01 2.9096662076314288e+01 1.5609594472249348e+01</size>
          <R>-4.1223503572095055e-01 -9.1097321474249071e-01 -1.3786854096512162e-02 9.0295857111708933e-01 -4.1053037740822773e-01 1.2700640956755915e-01 -1.2135935963217410e-01 3.9907533709686013e-02 9.9180607710523694e-01</R>
        </region>
        <partition>
          <camera_ids>0 1 2 3 4 5 6 7 8 9 10 11 12 13 14 15 16 17 18 19 20 21 22 23 24</camera_ids>
        </partition>
      </component>
    </components>
    <cameras next_id="25" next_group_id="0">
      <camera id="0" sensor_id="0" component_id="0" label="DJI_0001">
        <transform>1 0 0 0 0 -1.0000000000000000e+00 0 0 0 0 -1.0000000000000000e+00 0 0 0 0 1</transform>
        <orientation>1</orientation>
      </camera>
      <camera id="1" sensor_id="0" component_id="0" label="DJI_0002">
        <transform>9.8752022472523038e-01 -1.5749196943669336e-01 2.9209858259013344e-04 6.4372806236750391e-01 -1.5748993948247128e-01 -9.8751412471579203e-01 -3.5738562659821567e-03 7.5220893640269881e-01 8.5130513793041645e-04 3.4832527548233280e-03 -9.9999357109423870e-01 9.5798206883212000e-02 0 0 0 1</transform>
        <rotation_covariance>1.0112747738158246e-09 2.9667260090072950e-10 1.8465778734112627e-10 2.9667260090072945e-10 7.6583478886184266e-10 1.4748629676965750e-10 1.8465778734112627e-10 1.4748629676965750e-10 1.2519536805011968e-10</rotation_covariance>
        <location_covariance>3.7089641293494783e-08 3.4241958365397046e-08 6.3869018078711344e-09 3.4241958365397046e-08 9.5301524568684549e-08 1.0724689247355707e-08 6.3869018078711344e-09 1.0724689247355707e-08 1.7262628722976486e-08</location_covariance>
        <orientation>1</orientation>
      </camera>
      <camera id="2" sensor_id="0" component_id="0" label="DJI_0003">
        <transform>9.7988516524568514e-01 -1.9949963485198124e-01 4.9958608230010904e-03 1.2286493534032261e+00 -1.9946172000842829e-01 -9.7987918379078798e-01 -7.1977374763423640e-03 1.8778156795272314e+00 6.3312860238654046e-03 6.0564731837222750e-03 -9.9996161623827284e-01 -7.5533547973167303e-02 0 0 0 1</transform>
        <rotation_covariance>3.0948475013026121e-09 9.9155983902486939e-10 6.8517069547860248e-10 9.9155983902486960e-10 1.4238307913002727e-09 4.1246524774551909e-10 6.8517069547860248e-10 4.1246524774551899e-10 5.1035528503151927e-10</rotation_covariance>
        <location_covariance>8.4363572423872541e-08 1.0528976205234434e-07 2.4031655082596379e-08 1.0528976205234434e-07 2.3376621121512305e-07 4.6007081491063366e-08 2.4031655082596379e-08 4.6007081491063366e-08 4.9492579597384392e-08</location_covariance>
        <orientation>1</orientation>
      </camera>
      <camera id="3" sensor_id="0" component_id="0" label="DJI_0004">
        <transform>9.7087806315774616e-01 -2.3939664598127652e-01 9.2212999072682836e-03 1.7941487096592104e+00 -2.3931834170385521e-01 -9.7090093192712246e-01 -8.8380827763766025e-03 3.0461534294368828e+00 1.1068776047115711e-02 6.3738744857950265e-03 -9.9991842463315883e-01 -9.8301840489239112e-01 0 0 0 1</transform>
        <rotation_covariance>6.7472434693360084e-09 2.1735365083591540e-09 1.4764529371240167e-09 2.1735365083591540e-09 2.3127969251325879e-09 8.3049877075641198e-10 1.4764529371240167e-09 8.3049877075641177e-10 1.2029616676102079e-09</rotation_covariance>
        <location_covariance>2.2343987258297742e-07 2.2225622202674701e-07 9.9595347104120229e-08 2.2225622202674701e-07 4.4423715661313281e-07 1.0630654414134948e-07 9.9595347104120229e-08 1.0630654414134948e-07 5.3221211863550529e-07</location_covariance>
        <orientation>1</orientation>
      </camera>
      <camera id="4" sensor_id="0" component_id="0" label="DJI_0005">
        <transform>9.5936539947854582e-01 -2.8198281772841266e-01 1.0184340396709944e-02 2.3771441535347311e+00 -2.8191434543231830e-01 -9.5940901635410658e-01 -7.6577527978460014e-03 4.2476135452883348e+00 1.1930302713627135e-02 4.4754714154150443e-03 -9.9991881572094199e-01 -1.2293410999852947e+00 0 0 0 1</transform>
        <rotation_covariance>1.2602572041975890e-08 3.4174260295531411e-09 2.8089013455708202e-09 3.4174260295531415e-09 3.0389232159340755e-09 1.2568897476969155e-09 2.8089013455708206e-09 1.2568897476969151e-09 2.2463848226299441e-09</rotation_covariance>
        <location_covariance>3.2317342942927471e-07 3.1936989426651010e-07 1.8349653206105140e-07 3.1936989426651010e-07 7.0553098137987575e-07 2.2509403543632953e-07 1.8349653206105140e-07 2.2509403543632953e-07 8.9193231173011930e-07</location_covariance>
        <orientation>1</orientation>
      </camera>
      <camera id="5" sensor_id="0" component_id="0" label="DJI_0006">
        <transform>9.4677209795493678e-01 -3.2179022215438852e-01 8.5818098229098264e-03 2.8231080363407814e+00 -3.2172438558044142e-01 -9.4679766513625818e-01 -8.2219836667948437e-03 5.4321732428713121e+00 1.0770991453662088e-02 5.0233672331187074e-03 -9.9992937326830544e-01 -7.7521597456914548e-01 0 0 0 1</transform>
        <rotation_covariance>2.0377124954749853e-08 3.6111827950017922e-09 4.5567673179548115e-09 3.6111827950017938e-09 3.1910703333316360e-09 1.2750314277362536e-09 4.5567673179548115e-09 1.2750314277362536e-09 3.4968737775549704e-09</rotation_covariance>
        <location_covariance>2.9852515631797830e-07 3.6308456128923128e-07 2.0446502258173148e-07 3.6308456128923128e-07 9.1232284317202243e-07 3.2348901645692999e-07 2.0446502258173148e-07 3.2348901645692999e-07 6.8223747025011970e-07</location_covariance>
        <orientation>1</orientation>
      </camera>
      <camera id="6" sensor_id="0" component_id="0" label="DJI_0007">
        <transform>9.3444144227025006e-01 -3.5599840704596397e-01 9.1828725696813523e-03 3.3621935772741671e+00 -3.5590200438444536e-01 -9.3446275358749609e-01 -1.0636044039442238e-02 6.4022388895490261e+00 1.2367467122619673e-02 6.6705575787097543e-03 -9.9990126983545735e-01 -9.3862594540211075e-01 0 0 0 1</transform>
        <rotation_covariance>2.8264460568177057e-08 4.2617770108336114e-09 6.3321799021897153e-09 4.2617770108336106e-09 3.7379600050333036e-09 1.5407835970292721e-09 6.3321799021897145e-09 1.5407835970292719e-09 4.8980254521740243e-09</rotation_covariance>
        <location_covariance>3.8363046463614868e-07 4.3029489349647850e-07 3.0438543916594388e-07 4.3029489349647850e-07 1.1447532729387403e-06 4.3008690275451397e-07 3.0438543916594388e-07 4.3008690275451397e-07 1.0642683233937182e-06</location_covariance>
        <orientation>1</orientation>
      </camera>
      <camera id="7" sensor_id="0" component_id="0" label="DJI_0008">
        <transform>9.2108808613144921e-01 -3.8925901445718869e-01 8.6114604175476870e-03 3.5267976432273254e+00 -3.8909962589950020e-01 -9.2106030234308178e-01 -1.5792421364106468e-02 7.4370699930722255e+00 1.4079016711886678e-02 1.1195495142730097e-02 -9.9983820800014223e-01 -4.4647021072911258e-01 0 0 0 1</transform>
        <rotation_covariance>3.6747373357225751e-08 2.4272607237461216e-09 8.2296767344563700e-09 2.4272607237461236e-09 3.7432084222601030e-09 9.1325128576454573e-10 8.2296767344563733e-09 9.1325128576454532e-10 6.2307752459687924e-09</rotation_covariance>
        <location_covariance>3.5615204150613513e-07 4.1328713082829693e-07 3.3029872700134750e-07 4.1328713082829693e-07 1.3176132421168826e-06 4.8232608201432765e-07 3.3029872700134750e-07 4.8232608201432765e-07 1.1261849660775643e-06</location_covariance>
        <orientation>1</orientation>
      </camera>
      <camera id="8" sensor_id="0" component_id="0" label="DJI_0009">
        <transform>9.1030811303486614e-01 -4.1372307254423590e-01 1.3128540949307634e-02 3.8076826069777776e+00 -4.1342569795496276e-01 -9.1030592329818349e-01 -2.0550383906234468e-02 8.5865532429182903e+00 2.0453156562068427e-02 1.3279504990728580e-02 -9.9970261734870380e-01 -8.7892799737602478e-01 0 0 0 1</transform>
        <rotation_covariance>4.7117737503567166e-08 1.4535071267109191e-09 1.0500133398666007e-08 1.4535071267109197e-09 4.1227117958960541e-09 6.9707668640203221e-10 1.0500133398666007e-08 6.9707668640203232e-10 8.0781100691569677e-09</rotation_covariance>
        <location_covariance>4.9924962951138974e-07 4.3636714359430658e-07 5.1428024582543118e-07 4.3636714359430658e-07 1.5407388540115860e-06 6.7400316635070644e-07 5.1428024582543118e-07 6.7400316635070644e-07 1.8575005118883828e-06</location_covariance>
        <orientation>1</orientation>
      </camera>
      <camera id="9" sensor_id="1" component_id="0" label="DJI_0010">
        <transform>9.0221357275046876e-01 -4.3103720107473609e-01 1.4751285858927930e-02 3.9225360755199326e+00 -4.3067647989394681e-01 -9.0222699940174222e-01 -2.2454647997405569e-02 9.6249716482357552e+00 2.2987797001738024e-02 1.3905856326961005e-02 -9.9963902902438784e-01 -8.7431341735959578e-01 0 0 0 1</transform>
        <rotation_covariance>5.7561285811606353e-08 -9.2095587133017942e-10 1.2276926428418241e-08 -9.2095587133017508e-10 7.3370668480357658e-09 1.7329244503218750e-10 1.2276926428418243e-08 1.7329244503218670e-10 9.7097251956593472e-09</rotation_covariance>
        <location_covariance>6.1740986778273141e-07 4.2074365339418283e-07 7.1068978174820010e-07 4.2074365339418283e-07 1.7274599866250122e-06 8.3001113892658200e-07 7.1068978174820010e-07 8.3001113892658200e-07 2.7210842597144183e-06</location_covariance>
        <orientation>1</orientation>
      </camera>
      <camera id="10" sensor_id="0" component_id="0" label="DJI_0011">
        <transform>8.9595203462065753e-01 -4.4393599389186095e-01 1.3812493849728852e-02 4.4607919444612545e+00 -4.4359534062328326e-01 -8.9595354876432043e-01 -2.2145253078991185e-02 1.0726949488073487e+01 2.2206427817558654e-02 1.3713926639184019e-02 -9.9965934336638829e-01 -6.7143173219118402e-01 0 0 0 1</transform>
        <rotation_covariance>7.0037186596127647e-08 -2.4794923431266126e-09 1.4821125399845973e-08 -2.4794923431266130e-09 4.8758893407572158e-09 -3.5100970389271064e-10 1.4821125399845973e-08 -3.5100970389271007e-10 1.2005823529322352e-08</rotation_covariance>
        <location_covariance>6.6699278917889476e-07 3.5791261422387934e-07 8.2930931771597574e-07 3.5791261422387934e-07 1.7836867733450136e-06 8.7896356810140483e-07 8.2930931771597574e-07 8.7896356810140483e-07 3.3185716314730780e-06</location_covariance>
        <orientation>1</orientation>
      </camera>
      <camera id="11" sensor_id="2" component_id="0" label="DJI_0012">
        <transform>8.8906453175898792e-01 -4.5765612998722760e-01 1.0729634350041747e-02 5.2393824114262291e+00 -4.5737490394129565e-01 -8.8901820653418329e-01 -2.1326642854286364e-02 1.1779741413264352e+01 1.9299109120954148e-02 1.4053296263061715e-02 -9.9971498400858227e-01 -5.6102120022634550e-01 0 0 0 1</transform>
        <rotation_covariance>8.6313878744350381e-08 -3.0254986639330479e-09 1.7569022553435724e-08 -3.0254986639330438e-09 7.3851899459045326e-09 -4.4627231743198527e-10 1.7569022553435728e-08 -4.4627231743198651e-10 1.4764483880115880e-08</rotation_covariance>
        <location_covariance>8.0291707170533086e-07 2.6207971989132437e-07 1.1084336257517142e-06 2.6207971989132437e-07 1.9052906602076419e-06 8.4846169372103041e-07 1.1084336257517142e-06 8.4846169372103041e-07 4.7820892805268812e-06</location_covariance>
        <orientation>1</orientation>
      </camera>
      <camera id="12" sensor_id="0" component_id="0" label="DJI_0013">
        <transform>8.8290023868166312e-01 -4.6947751433214302e-01 8.8335764202892453e-03 5.7756435100605819e+00 -4.6927702056606130e-01 -8.8286458330913531e-01 -1.8144021247426246e-02 1.2760771996207387e+01 1.6317061760659328e-02 1.1873966266541826e-02 -9.9979636047577214e-01 -3.8857895986972968e-01 0 0 0 1</transform>
        <rotation_covariance>9.9877339280805716e-08 -4.7649126896544300e-09 1.9795434765813415e-08 -4.7649126896544309e-09 5.6783528739565067e-09 -6.9217205481502138e-10 1.9795434765813412e-08 -6.9217205481502169e-10 1.7271684215274038e-08</rotation_covariance>
        <location_covariance>9.1659846457828578e-07 1.3282329866440226e-07 1.3047600854883096e-06 1.3282329866440226e-07 1.9902130618454476e-06 7.9735749723217783e-07 1.3047600854883096e-06 7.9735749723217783e-07 6.1492087524700032e-06</location_covariance>
        <orientation>1</orientation>
      </camera>
      <camera id="13" sensor_id="0" component_id="0" label="DJI_0014">
        <transform>8.7865801715416880e-01 -4.7740397162241455e-01 6.7480937938249885e-03 6.1010905657758947e+00 -4.7723807891647929e-01 -8.7859993914962586e-01 -1.7491796888321674e-02 1.3848001228780685e+01 1.4279528101927966e-02 1.2148860251842926e-02 -9.9982423468916137e-01 -6.8339259177324596e-01 0 0 0 1</transform>
        <rotation_covariance>1.1605476227303166e-07 -7.3925134164632144e-09 2.2160576883785925e-08 -7.3925134164632103e-09 6.1827948379361140e-09 -1.0209673801322841e-09 2.2160576883785925e-08 -1.0209673801322831e-09 1.9893747819820715e-08</rotation_covariance>
        <location_covariance>1.2221562467924012e-06 3.0365852917337616e-08 1.7345344907906744e-06 3.0365852917337616e-08 2.0265758097605852e-06 1.0766987638401922e-06 1.7345344907906744e-06 1.0766987638401922e-06 8.1402614149706470e-06</location_covariance>
        <orientation>1</orientation>
      </camera>
      <camera id="14" sensor_id="0" component_id="0" label="DJI_0015">
        <transform>8.7606295803473122e-01 -4.8218462016307129e-01 3.4184261921649372e-03 6.5585952512194812e+00 -4.8207488057046544e-01 -8.7597892574410763e-01 -1.6270561612021839e-02 1.5045931668111509e+01 1.0839883874280757e-02 1.2606098936387337e-02 -9.9986178204149689e-01 -5.0732032406795935e-01 0 0 0 1</transform>
        <rotation_covariance>1.3566968279947706e-07 -1.0272385561552572e-08 2.4826075790777119e-08 -1.0272385561552572e-08 6.8484067615965462e-09 -1.6438352062900198e-09 2.4826075790777119e-08 -1.6438352062900194e-09 2.3089134142108659e-08</rotation_covariance>
        <location_covariance>1.5132928466081221e-06 -1.8199144401482615e-07 2.0998392600050245e-06 -1.8199144401482615e-07 2.0317399192705800e-06 9.1646034253409373e-07 2.0998392600050245e-06 9.1646034253409373e-07 1.0793671425827256e-05</location_covariance>
        <orientation>1</orientation>
      </camera>
      <camera id="15" sensor_id="0" component_id="0" label="DJI_0016">
        <transform>8.7618418068846338e-01 -4.8197135632917165e-01 2.2120554931101093e-03 6.8227416595812258e+00 -4.8190328468729082e-01 -8.7612193575495978e-01 -1.3400667766289773e-02 1.6004993601176842e+01 8.3967683596563071e-03 1.0675456299444566e-02 -9.9990776020286642e-01 -7.5430582844368799e-01 0 0 0 1</transform>
        <rotation_covariance>1.5189021934645206e-07 -1.2744812887890540e-08 2.6823661944301639e-08 -1.2744812887890545e-08 7.3483284976200280e-09 -1.8529687806617139e-09 2.6823661944301642e-08 -1.8529687806617147e-09 2.5641038562938408e-08</rotation_covariance>
        <location_covariance>1.9395893394052794e-06 -3.0976589788199444e-07 2.6604482990890053e-06 -3.0976589788199444e-07 1.9955028734593942e-06 1.2268859241950378e-06 2.6604482990890053e-06 1.2268859241950378e-06 1.3397722654437553e-05</location_covariance>
        <orientation>1</orientation>
      </camera>
      <camera id="16" sensor_id="0" component_id="0" label="DJI_0017">
        <transform>8.7671264262905602e-01 -4.8101036369946631e-01 1.9930549628300294e-03 7.2629050838759355e+00 -4.8094153789965099e-01 -8.7664430993489484e-01 -1.3783721612498375e-02 1.6920226374828371e+01 8.3773132385124849e-03 1.1125820081214679e-02 -9.9990301367203827e-01 -7.6006218527887659e-01 0 0 0 1</transform>
        <rotation_covariance>1.6993810616921533e-07 -1.3964170785774863e-08 2.9480999732863908e-08 -1.3964170785774864e-08 7.5620519623019584e-09 -2.1323278568210645e-09 2.9480999732863908e-08 -2.1323278568210657e-09 2.8762232397444549e-08</rotation_covariance>
        <location_covariance>2.3431057167098899e-06 -5.4687003217572856e-07 3.1682513954007933e-06 -5.4687003217572856e-07 1.9807575955146739e-06 1.1469895104428772e-06 3.1682513954007933e-06 1.1469895104428772e-06 1.6471609156620893e-05</location_covariance>
        <orientation>1</orientation>
      </camera>
      <camera id="17" sensor_id="0" component_id="0" label="DJI_0018">
        <transform>8.7633637649457241e-01 -4.8167014750410492e-01 5.3314384304325099e-03 7.7755665121585871e+00 -4.8156670816217440e-01 -8.7630086974356891e-01 -1.3794610415360120e-02 1.7995513686739038e+01 1.1316396167100465e-02 9.5212756518382735e-03 -9.9989063626366204e-01 -8.6929939372732012e-01 0 0 0 1</transform>
        <rotation_covariance>1.9243277886081878e-07 -1.5580059836852220e-08 3.3225507346854434e-08 -1.5580059836852220e-08 7.8670295604105301e-09 -2.4057120415496765e-09 3.3225507346854428e-08 -2.4057120415496773e-09 3.2834874287573848e-08</rotation_covariance>
        <location_covariance>2.9637072813033464e-06 -8.4740480811786093e-07 3.9668955395246244e-06 -8.4740480811786093e-07 1.9537780458020217e-06 1.1849044649144631e-06 3.9668955395246244e-06 1.1849044649144631e-06 2.0787964031748838e-05</location_covariance>
        <orientation>1</orientation>
      </camera>
      <camera id="18" sensor_id="0" component_id="0" label="DJI_0019">
        <transform>8.7641754959614493e-01 -4.8148651893480615e-01 7.9379370072817992e-03 8.1907237642734465e+00 -4.8133629689148971e-01 -8.7639931124216441e-01 -1.5479552611345954e-02 1.9141069132162830e+01 1.4409998427370606e-02 9.7457343644374791e-03 -9.9984867485386053e-01 -7.4098828944015505e-01 0 0 0 1</transform>
        <rotation_covariance>2.1689661528252722e-07 -1.8643392555749079e-08 3.7324965100082578e-08 -1.8643392555749086e-08 8.4276388007138851e-09 -3.3260919464765438e-09 3.7324965100082578e-08 -3.3260919464765430e-09 3.7263140133999440e-08</rotation_covariance>
        <location_covariance>3.6523711596696198e-06 -1.2308882677191247e-06 4.6869976574161376e-06 -1.2308882677191247e-06 1.8685220213242450e-06 7.2952726773581676e-07 4.6869976574161376e-06 7.2952726773581676e-07 2.5910492507857337e-05</location_covariance>
        <orientation>1</orientation>
      </camera>
      <camera id="19" sensor_id="0" component_id="0" label="DJI_0020">
        <transform>8.7646898379767380e-01 -4.8141408907214400e-01 6.5265062254950545e-03 8.5887835535820276e+00 -4.8125315489081949e-01 -8.7641068524422439e-01 -1.7312183495521966e-02 2.0469352911055481e+01 1.4054228840683330e-02 1.2032690164204829e-02 -9.9982883186028704e-01 -9.1541395420316574e-01 0 0 0 1</transform>
        <rotation_covariance>2.4616093613346612e-07 -2.3200259502722431e-08 4.1536782867913322e-08 -2.3200259502722434e-08 9.1148842579555994e-09 -4.1026844872912119e-09 4.1536782867913328e-08 -4.1026844872912111e-09 4.2362725561143712e-08</rotation_covariance>
        <location_covariance>4.7811468019977139e-06 -1.6094191541130525e-06 5.9516257276955739e-06 -1.6094191541130525e-06 1.7348371298081522e-06 8.9535422464562069e-07 5.9516257276955739e-06 8.9535422464562069e-07 3.3025258813876150e-05</location_covariance>
        <orientation>1</orientation>
      </camera>
      <camera id="20" sensor_id="0" component_id="0" label="DJI_0021">
        <transform>8.7828478494453621e-01 -4.7811902751915714e-01 4.2464172034894186e-03 8.9907675307716559e+00 -4.7800706220614864e-01 -8.7821759034305535e-01 -1.5592065067981593e-02 2.1361568026850719e+01 1.1184141271358555e-02 1.1664456102731799e-02 -9.9986941919825201e-01 -8.3822607635193580e-01 0 0 0 1</transform>
        <rotation_covariance>2.6924029009849446e-07 -2.4607266675869610e-08 4.4266759869473584e-08 -2.4607266675869620e-08 9.1731394295245463e-09 -4.3253230817519559e-09 4.4266759869473584e-08 -4.3253230817519551e-09 4.6118714748030108e-08</rotation_covariance>
        <location_covariance>5.5518999147467041e-06 -2.0185248800799119e-06 6.7062192402891802e-06 -2.0185248800799119e-06 1.6854747469861012e-06 3.9189237543981507e-07 6.7062192402891802e-06 3.9189237543981507e-07 3.8852043420166117e-05</location_covariance>
        <orientation>1</orientation>
      </camera>
      <camera id="21" sensor_id="0" component_id="0" label="DJI_0022">
        <transform>8.8392000494854428e-01 -4.6762601622417932e-01 3.3665712630036870e-03 9.7946847758672906e+00 -4.6754078982966557e-01 -8.8385998802048193e-01 -1.4040349777893035e-02 2.2400948645557357e+01 9.5412104692187104e-03 1.0836536657832185e-02 -9.9989576195523777e-01 -1.2716376229779871e+00 0 0 0 1</transform>
        <rotation_covariance>3.0111228929472206e-07 -1.9284792050745268e-08 4.8525781890522425e-08 -1.9284792050745287e-08 7.9158598787507239e-09 -2.5744542324872808e-09 4.8525781890522425e-08 -2.5744542324872808e-09 5.1760039818548808e-08</rotation_covariance>
        <location_covariance>6.9549267755537134e-06 -2.5475972010347206e-06 8.5621761186004557e-06 -2.5475972010347206e-06 1.8247057384116556e-06 1.2126462846815591e-06 8.5621761186004557e-06 1.2126462846815591e-06 4.7991794721819340e-05</location_covariance>
        <orientation>1</orientation>
      </camera>
      <camera id="22" sensor_id="0" component_id="0" label="DJI_0023">
        <transform>8.8669744812969564e-01 -4.6233156611339754e-01 4.1422765985369061e-03 1.0080143129789684e+01 -4.6224122692207148e-01 -8.8664746564025787e-01 -1.3759353447204983e-02 2.3696750274028158e+01 1.0034122476027753e-02 1.0285652572392914e-02 -9.9989675553893875e-01 -1.1034196509900571e+00 0 0 0 1</transform>
        <rotation_covariance>3.3418691821167845e-07 -2.3419377598996866e-08 5.3335938927257921e-08 -2.3419377598996852e-08 8.3554512126722656e-09 -3.5516477680477252e-09 5.3335938927257928e-08 -3.5516477680477264e-09 5.7473556498474456e-08</rotation_covariance>
        <location_covariance>8.4679364977782128e-06 -3.1005774843086288e-06 9.8815596889676935e-06 -3.1005774843086288e-06 1.6776053605673071e-06 3.1275293678174862e-07 9.8815596889676935e-06 3.1275293678174862e-07 5.8303573680731365e-05</location_covariance>
        <orientation>1</orientation>
      </camera>
      <camera id="23" sensor_id="0" component_id="0" label="DJI_0024">
        <transform>8.9027066216486905e-01 -4.5540724752359918e-01 4.7314893538483657e-03 1.0473010579216814e+01 -4.5529823815646170e-01 -8.9021310635982831e-01 -1.4971292422709160e-02 2.4677363227252471e+01 1.1030068909494709e-02 1.1174263651965926e-02 -9.9987672910798764e-01 -1.3008307502951395e+00 0 0 0 1</transform>
        <rotation_covariance>3.6186912873923097e-07 -2.2834877864821969e-08 5.7657024350390629e-08 -2.2834877864821975e-08 8.1080180422841888e-09 -3.3081147477755669e-09 5.7657024350390623e-08 -3.3081147477755648e-09 6.2617799182934484e-08</rotation_covariance>
        <location_covariance>1.0119930916296957e-05 -3.5195058227711639e-06 1.1722226641061032e-05 -3.5195058227711639e-06 1.7368004414508289e-06 7.5643499376752298e-07 1.1722226641061032e-05 7.5643499376752298e-07 6.8176886399434666e-05</location_covariance>
        <orientation>1</orientation>
      </camera>
      <camera id="24" sensor_id="0" component_id="0" label="DJI_0025">
        <transform>8.9568502075464307e-01 -4.4465217452235406e-01 5.7260185378773020e-03 1.1156501640678812e+01 -4.4451870133320032e-01 -8.9562406535286843e-01 -1.6144897827018619e-02 2.6318908530057975e+01 1.2307223927404621e-02 1.1915420821007687e-02 -9.9985326672760289e-01 -6.8729524825344590e-01 0 0 0 1</transform>
        <rotation_covariance>4.1110242220040293e-07 -2.2886630116383025e-08 6.5564427599921624e-08 -2.2886630116383041e-08 7.9078643825024369e-09 -4.4310379152575116e-09 6.5564427599921624e-08 -4.4310379152575091e-09 7.1439446799231436e-08</rotation_covariance>
        <location_covariance>1.2420506032780624e-05 -4.9211351801002467e-06 1.3168269803506478e-05 -4.9211351801002467e-06 1.9996795662412082e-06 -3.3075583211714177e-06 1.3168269803506478e-05 -3.3075583211714177e-06 8.7095755291624767e-05</location_covariance>
        <orientation>1</orientation>
      </camera>
    </cameras>
    <reference>LOCAL_CS["Local Coordinates (m)",LOCAL_DATUM["Local Datum",0],UNIT["metre",1,AUTHORITY["EPSG","9001"]]]</reference>
    <region>
      <center>4.4343676640564116e+00 1.1726114355554310e+01 -9.4122086867085706e+00</center>
      <size>5.4959518750508636e+01 2.9096662076314288e+01 1.5609594472249348e+01</size>
      <R>-4.1223503572095055e-01 -9.1097321474249071e-01 -1.3786854096512162e-02 9.0295857111708933e-01 -4.1053037740822773e-01 1.2700640956755915e-01 -1.2135935963217410e-01 3.9907533709686013e-02 9.9180607710523694e-01</R>
    </region>
    <settings>
      <property name="accuracy_tiepoints" value="1"/>
      <property name="accuracy_cameras" value="10"/>
      <property name="accuracy_cameras_ypr" value="10"/>
      <property name="accuracy_markers" value="0.0050000000000000001"/>
      <property name="accuracy_scalebars" value="0.001"/>
      <property name="accuracy_projections" value="0.5"/>
    </settings>
    <meta>
      <property name="AlignCameras/adaptive_fitting" value="false"/>
      <property name="AlignCameras/cameras" value=""/>
      <property name="AlignCameras/duration" value="8.369"/>
      <property name="AlignCameras/min_image" value="2"/>
      <property name="AlignCameras/ram_used" value="20094976"/>
      <property name="AlignCameras/reset_alignment" value="false"/>
      <property name="AlignCameras/subdivide_task" value="true"/>
      <property name="OptimizeCameras/sigma0" value="0.158360459487707"/>
    </meta>
  </chunk>
</document>
